447710173736
551141602102
551167007078
552165474594
553488668577
556174021735
556181045327
556181058787
556181063958
556181082970
556181186342
556181281022
556181302619
556181427396
556181453667
556181461586
556181497664
556181525944
556181533598
556181571430
556181629452
556181683589
556181720642
556181746058
556181784316
556181813834
556181877840
556181878913
556181884924
556181910096
556181939969
556182015479
556182041374
556182117462
556182119350
556182120856
556182127894
556182145394
556182166040
556182188725
556182205975
556182233494
556182329712
556182335710
556182374749
556182407792
556182435168
556182645985
556182794811
556182851486
556183187318
556183334547
556183350663
556183367352
556183648229
556183714674
556183738297
556183810561
556184026128
556184135721
556184187254
556184243382
556184365864
556184441796
556184628378
556184638313
556184733953
556184787017
556184814127
556184834159
556185088293
556185092039
556185216818
556185255766
556185314993
556185320695
556185324106
556185379337
556185399441
556185498195
556185688768
556185822459
556185824192
556185839736
556186011788
556186313468
556186382132
556186384874
556186395885
556186442500
556186678475
556190005948
556191033383
556191052224
556191066847
556191090095
556191110371
556191432321
556191488006
556191550905
556191563027
556191579778
556191673099
556191716111
556191880063
556191880672
556191921304
556191925133
556191926339
556191955080
556192012366
556192035759
556192058410
556192066946
556192213688
556192353961
556192358658
556192363609
556192388636
556192388817
556192393387
556192512272
556192512435
556192530281
556192573568
556192576825
556192593890
556192676870
556192707574
556192744127
556192756274
556192763855
556192793970
556192799192
556192800042
556192801863
556192821956
556192823707
556192899562
556192914200
556192928372
556193001047
556193053330
556193090143
556193098998
556193102935
556193117982
556193147257
556193195251
556193197101
556193235952
556193296677
556193358119
556193382155
556193396120
556193659760
556193682020
556193708338
556193746030
556193755949
556193771162
556193793033
556193801421
556193855312
556193855685
556194034048
556194110975
556194164833
556194232042
556194232696
556194247957
556194297582
556194316585
556194317911
556194328007
556194340270
556194415670
556194438266
556194474895
556194538194
556194538679
556194574604
556194586200
556194604200
556194624941
556194645047
556195004755
556195005770
556195009925
556195025328
556195042735
556195052129
556195058501
556195058690
556195069123
556195199213
556195206807
556195269506
556195290797
556195569481
556195802285
556195813141
556195838583
556195838770
556195851164
556195924796
556195935745
556195956316
556195994728
556196048744
556196080740
556196120306
556196199025
556196304162
556196329327
556196420208
556196447021
556196510066
556196574199
556196674917
556196787048
556196859945
556196922726
556196944566
556196970902
556198060359
556198080839
556198089613
556198096298
556198132500
556198164110
556198190063
556198221926
556198276172
556198299437
556198303148
556198375669
556198394437
556198414104
556198416644
556198421514
556198431819
556198516943
556198517036
556198542877
556198551912
556198572867
556198697328
556198709233
556198794923
556198797928
556198881246
556198909693
556199121389
556199144417
556199154255
556199198652
556199211993
556199254208
556199287529
556199298410
556199352608
556199422039
556199484266
556199498980
556199587726
556199593843
556199603249
556199788943
556199865675
556199938270
556284715866
556384841213
556493144122
558981527576
559870035360
559984029472
