Empresa: es corretora
Total de tickets: 279
========================================
4489
4490
4491
4493
4552
4612
4613
4614
4615
4617
4619
4621
4622
4623
4625
4627
5190
5192
5193
5195
5196
5197
5199
5201
5205
5207
5212
5213
5215
5218
5219
5221
5226
5228
5234
5235
5236
5241
5242
5245
5246
5247
5251
5252
5255
5258
5260
5266
5274
5277
5280
5281
5285
5292
5296
5299
5300
5303
5306
5307
5308
5310
5311
5312
5313
5316
5323
5331
5334
5342
5348
5358
5359
5361
5362
5367
5369
5374
5377
5378
5379
5380
5381
5382
5385
5388
5389
5390
5392
5394
5395
5396
5397
5399
5401
5402
5405
5406
5407
5408
5410
5412
5413
5417
5418
5420
5422
5425
5428
5430
5434
5435
5436
5437
5442
5445
5448
5451
5452
5453
5454
5455
5457
5458
5459
5460
5461
5463
5464
5465
5473
5474
5475
5480
5482
5483
5485
5489
5490
5493
5496
5497
5498
5499
5501
5503
5504
5505
5506
5508
5511
5512
5514
5515
5516
5521
5522
5523
5524
5528
5532
5534
5535
5537
5538
5540
5541
5549
5555
5563
5566
5567
5574
5575
5588
5594
5596
5598
5600
5601
5602
5883
5886
5889
5890
5891
5893
5899
5902
5903
5904
5905
5906
5909
5911
5912
5916
5917
6424
6426
6428
6429
6431
6433
6434
6438
6441
6444
6449
6451
6452
6453
6454
6455
6457
6458
6459
6460
6462
6465
6467
6470
6471
6477
6480
6484
6491
6492
6494
6496
6497
6498
6503
6504
6505
6507
6509
6511
6515
6517
6519
6520
6522
6523
6526
6530
6532
6533
6535
6537
6538
6539
6540
6541
6542
6545
6546
6547
6549
6552
6553
6556
6557
6558
6560
6561
6562
6563
6564
6565
6568
6569
6570
6572
6578
6579
6580
6582
16523
